#Earth Jupiter Mars Mercury Neptune Pluto Saturn Sun Uranus Venus 
0 -4.44395e-10 -2.71944e-08 -3.13768e-11 -6.35112e-11 -2.5372e-10 -2.46463e-14 -4.4422e-09 -6.56823e-08 -3.37015e-10 -5.00922e-10 
1 -4.44394e-10 -2.71946e-08 -3.13793e-11 -6.35394e-11 -2.5372e-10 -2.46462e-14 -4.44222e-09 -6.56869e-08 -3.37015e-10 -5.00919e-10 
2 -4.44395e-10 -2.71947e-08 -3.13796e-11 -6.35393e-11 -2.5372e-10 -2.46462e-14 -4.44223e-09 -6.56916e-08 -3.37015e-10 -5.00907e-10 
3 -4.44396e-10 -2.71947e-08 -3.13799e-11 -6.35391e-11 -2.5372e-10 -2.46462e-14 -4.44224e-09 -6.56963e-08 -3.37015e-10 -5.00895e-10 
4 -4.44397e-10 -2.71947e-08 -3.13802e-11 -6.35388e-11 -2.5372e-10 -2.46462e-14 -4.44224e-09 -6.57011e-08 -3.37015e-10 -5.00883e-10 
5 -4.44398e-10 -2.71947e-08 -3.13805e-11 -6.35384e-11 -2.5372e-10 -2.46462e-14 -4.44225e-09 -6.5706e-08 -3.37015e-10 -5.00872e-10 
6 -4.44399e-10 -2.71947e-08 -3.13808e-11 -6.35378e-11 -2.5372e-10 -2.46462e-14 -4.44226e-09 -6.57109e-08 -3.37014e-10 -5.0086e-10 
7 -4.444e-10 -2.71947e-08 -3.13811e-11 -6.35372e-11 -2.5372e-10 -2.46462e-14 -4.44227e-09 -6.5716e-08 -3.37014e-10 -5.00848e-10 
8 -4.44401e-10 -2.71947e-08 -3.13813e-11 -6.35364e-11 -2.5372e-10 -2.46462e-14 -4.44228e-09 -6.57211e-08 -3.37014e-10 -5.00837e-10 
9 -4.44403e-10 -2.71947e-08 -3.13816e-11 -6.35355e-11 -2.5372e-10 -2.46462e-14 -4.44229e-09 -6.57263e-08 -3.37014e-10 -5.00825e-10 
10 -4.44405e-10 -2.71947e-08 -3.13819e-11 -6.35344e-11 -2.5372e-10 -2.46462e-14 -4.4423e-09 -6.57315e-08 -3.37014e-10 -5.00814e-10 
11 -4.44406e-10 -2.71947e-08 -3.13822e-11 -6.35332e-11 -2.5372e-10 -2.46462e-14 -4.44231e-09 -6.57369e-08 -3.37014e-10 -5.00803e-10 
12 -4.44408e-10 -2.71947e-08 -3.13825e-11 -6.35319e-11 -2.5372e-10 -2.46462e-14 -4.44232e-09 -6.57423e-08 -3.37014e-10 -5.00791e-10 
13 -4.4441e-10 -2.71947e-08 -3.13828e-11 -6.35303e-11 -2.5372e-10 -2.46462e-14 -4.44233e-09 -6.57479e-08 -3.37014e-10 -5.0078e-10 
14 -4.44413e-10 -2.71947e-08 -3.13831e-11 -6.35287e-11 -2.5372e-10 -2.46462e-14 -4.44234e-09 -6.57535e-08 -3.37014e-10 -5.00769e-10 
15 -4.44415e-10 -2.71947e-08 -3.13833e-11 -6.35268e-11 -2.5372e-10 -2.46462e-14 -4.44235e-09 -6.57592e-08 -3.37014e-10 -5.00759e-10 
16 -4.44417e-10 -2.71948e-08 -3.13836e-11 -6.35248e-11 -2.5372e-10 -2.46462e-14 -4.44236e-09 -6.57649e-08 -3.37014e-10 -5.00748e-10 
17 -4.4442e-10 -2.71948e-08 -3.13839e-11 -6.35226e-11 -2.5372e-10 -2.46462e-14 -4.44237e-09 -6.57708e-08 -3.37013e-10 -5.00737e-10 
18 -4.44422e-10 -2.71948e-08 -3.13842e-11 -6.35202e-11 -2.5372e-10 -2.46462e-14 -4.44238e-09 -6.57767e-08 -3.37013e-10 -5.00727e-10 
19 -4.44425e-10 -2.71948e-08 -3.13845e-11 -6.35176e-11 -2.5372e-10 -2.46462e-14 -4.44239e-09 -6.57827e-08 -3.37013e-10 -5.00716e-10 
20 -4.44428e-10 -2.71948e-08 -3.13848e-11 -6.35148e-11 -2.5372e-10 -2.46462e-14 -4.4424e-09 -6.57888e-08 -3.37013e-10 -5.00706e-10 
21 -4.44431e-10 -2.71948e-08 -3.1385e-11 -6.35118e-11 -2.5372e-10 -2.46462e-14 -4.44241e-09 -6.57949e-08 -3.37013e-10 -5.00696e-10 
22 -4.44434e-10 -2.71948e-08 -3.13853e-11 -6.35087e-11 -2.5372e-10 -2.46462e-14 -4.44242e-09 -6.58011e-08 -3.37013e-10 -5.00686e-10 
23 -4.44438e-10 -2.71948e-08 -3.13856e-11 -6.35054e-11 -2.5372e-10 -2.46462e-14 -4.44243e-09 -6.58073e-08 -3.37013e-10 -5.00677e-10 
24 -4.44441e-10 -2.71948e-08 -3.13859e-11 -6.35019e-11 -2.5372e-10 -2.46463e-14 -4.44244e-09 -6.58135e-08 -3.37013e-10 -5.00667e-10 
25 -4.44444e-10 -2.71948e-08 -3.13861e-11 -6.34984e-11 -2.5372e-10 -2.46463e-14 -4.44244e-09 -6.58196e-08 -3.37013e-10 -5.00658e-10 
26 -4.44448e-10 -2.71948e-08 -3.13864e-11 -6.34947e-11 -2.5372e-10 -2.46463e-14 -4.44245e-09 -6.58258e-08 -3.37013e-10 -5.00649e-10 
27 -4.44452e-10 -2.71948e-08 -3.13867e-11 -6.34909e-11 -2.5372e-10 -2.46463e-14 -4.44246e-09 -6.58318e-08 -3.37013e-10 -5.0064e-10 
28 -4.44456e-10 -2.71948e-08 -3.1387e-11 -6.34871e-11 -2.5372e-10 -2.46463e-14 -4.44247e-09 -6.58378e-08 -3.37012e-10 -5.00632e-10 
29 -4.4446e-10 -2.71948e-08 -3.13872e-11 -6.34834e-11 -2.53721e-10 -2.46463e-14 -4.44248e-09 -6.58435e-08 -3.37012e-10 -5.00623e-10 
30 -4.44464e-10 -2.71949e-08 -3.13875e-11 -6.34797e-11 -2.53721e-10 -2.46463e-14 -4.44249e-09 -6.58492e-08 -3.37012e-10 -5.00615e-10 
31 -4.44468e-10 -2.71949e-08 -3.13878e-11 -6.34761e-11 -2.53721e-10 -2.46463e-14 -4.4425e-09 -6.58546e-08 -3.37012e-10 -5.00607e-10 
32 -4.44472e-10 -2.71949e-08 -3.1388e-11 -6.34727e-11 -2.53721e-10 -2.46463e-14 -4.44251e-09 -6.58597e-08 -3.37012e-10 -5.00599e-10 
33 -4.44477e-10 -2.71949e-08 -3.13883e-11 -6.34696e-11 -2.53721e-10 -2.46463e-14 -4.44252e-09 -6.58646e-08 -3.37012e-10 -5.00592e-10 
34 -4.44481e-10 -2.71949e-08 -3.13886e-11 -6.34668e-11 -2.53721e-10 -2.46463e-14 -4.44253e-09 -6.58691e-08 -3.37012e-10 -5.00585e-10 
35 -4.44486e-10 -2.71949e-08 -3.13888e-11 -6.34643e-11 -2.53721e-10 -2.46463e-14 -4.44254e-09 -6.58734e-08 -3.37012e-10 -5.00578e-10 
36 -4.4449e-10 -2.71949e-08 -3.13891e-11 -6.34623e-11 -2.53721e-10 -2.46463e-14 -4.44255e-09 -6.58773e-08 -3.37012e-10 -5.00571e-10 
37 -4.44495e-10 -2.71949e-08 -3.13894e-11 -6.34606e-11 -2.53721e-10 -2.46463e-14 -4.44256e-09 -6.58808e-08 -3.37012e-10 -5.00565e-10 
38 -4.445e-10 -2.71949e-08 -3.13896e-11 -6.34594e-11 -2.53721e-10 -2.46463e-14 -4.44256e-09 -6.58841e-08 -3.37012e-10 -5.00558e-10 
39 -4.44505e-10 -2.71949e-08 -3.13899e-11 -6.34587e-11 -2.53721e-10 -2.46463e-14 -4.44257e-09 -6.5887e-08 -3.37011e-10 -5.00552e-10 
40 -4.4451e-10 -2.71949e-08 -3.13901e-11 -6.34585e-11 -2.53721e-10 -2.46463e-14 -4.44258e-09 -6.58897e-08 -3.37011e-10 -5.00547e-10 
41 -4.44516e-10 -2.71949e-08 -3.13904e-11 -6.34587e-11 -2.53721e-10 -2.46463e-14 -4.44259e-09 -6.58921e-08 -3.37011e-10 -5.00542e-10 
42 -4.44521e-10 -2.71949e-08 -3.13907e-11 -6.34593e-11 -2.53721e-10 -2.46463e-14 -4.4426e-09 -6.58943e-08 -3.37011e-10 -5.00536e-10 
43 -4.44526e-10 -2.71949e-08 -3.13909e-11 -6.34602e-11 -2.53721e-10 -2.46463e-14 -4.44261e-09 -6.58963e-08 -3.37011e-10 -5.00532e-10 
44 -4.44532e-10 -2.7195e-08 -3.13912e-11 -6.34616e-11 -2.53721e-10 -2.46463e-14 -4.44262e-09 -6.58982e-08 -3.37011e-10 -5.00527e-10 
45 -4.44537e-10 -2.7195e-08 -3.13914e-11 -6.34632e-11 -2.53721e-10 -2.46463e-14 -4.44263e-09 -6.58999e-08 -3.37011e-10 -5.00523e-10 
46 -4.44543e-10 -2.7195e-08 -3.13917e-11 -6.34651e-11 -2.53721e-10 -2.46463e-14 -4.44264e-09 -6.59016e-08 -3.37011e-10 -5.00519e-10 
47 -4.44549e-10 -2.7195e-08 -3.13919e-11 -6.34672e-11 -2.53721e-10 -2.46463e-14 -4.44264e-09 -6.59033e-08 -3.37011e-10 -5.00516e-10 
48 -4.44555e-10 -2.7195e-08 -3.13922e-11 -6.34695e-11 -2.53721e-10 -2.46463e-14 -4.44265e-09 -6.59049e-08 -3.37011e-10 -5.00513e-10 
49 -4.44561e-10 -2.7195e-08 -3.13924e-11 -6.34719e-11 -2.53721e-10 -2.46463e-14 -4.44266e-09 -6.59066e-08 -3.37011e-10 -5.0051e-10 
50 -4.44567e-10 -2.7195e-08 -3.13927e-11 -6.34744e-11 -2.53721e-10 -2.46463e-14 -4.44267e-09 -6.59083e-08 -3.3701e-10 -5.00507e-10 
51 -4.44573e-10 -2.7195e-08 -3.13929e-11 -6.3477e-11 -2.53721e-10 -2.46463e-14 -4.44268e-09 -6.591e-08 -3.3701e-10 -5.00505e-10 
52 -4.44579e-10 -2.7195e-08 -3.13931e-11 -6.34797e-11 -2.53721e-10 -2.46463e-14 -4.44269e-09 -6.59117e-08 -3.3701e-10 -5.00503e-10 
53 -4.44585e-10 -2.7195e-08 -3.13934e-11 -6.34824e-11 -2.53721e-10 -2.46463e-14 -4.4427e-09 -6.59136e-08 -3.3701e-10 -5.00501e-10 
54 -4.44591e-10 -2.7195e-08 -3.13936e-11 -6.34851e-11 -2.53721e-10 -2.46463e-14 -4.44271e-09 -6.59155e-08 -3.3701e-10 -5.005e-10 
55 -4.44598e-10 -2.7195e-08 -3.13939e-11 -6.34877e-11 -2.53721e-10 -2.46463e-14 -4.44271e-09 -6.59174e-08 -3.3701e-10 -5.00499e-10 
56 -4.44604e-10 -2.7195e-08 -3.13941e-11 -6.34904e-11 -2.53721e-10 -2.46463e-14 -4.44272e-09 -6.59195e-08 -3.3701e-10 -5.00498e-10 
57 -4.44611e-10 -2.7195e-08 -3.13943e-11 -6.3493e-11 -2.53721e-10 -2.46463e-14 -4.44273e-09 -6.59216e-08 -3.3701e-10 -5.00498e-10 
58 -4.44617e-10 -2.71951e-08 -3.13946e-11 -6.34956e-11 -2.53721e-10 -2.46463e-14 -4.44274e-09 -6.59238e-08 -3.3701e-10 -5.00498e-10 
59 -4.44624e-10 -2.71951e-08 -3.13948e-11 -6.34981e-11 -2.53721e-10 -2.46463e-14 -4.44275e-09 -6.59261e-08 -3.3701e-10 -5.00498e-10 
60 -4.44631e-10 -2.71951e-08 -3.1395e-11 -6.35006e-11 -2.53721e-10 -2.46463e-14 -4.44276e-09 -6.59285e-08 -3.3701e-10 -5.00499e-10 
61 -4.44638e-10 -2.71951e-08 -3.13953e-11 -6.3503e-11 -2.53721e-10 -2.46463e-14 -4.44277e-09 -6.59309e-08 -3.37009e-10 -5.005e-10 
62 -4.44644e-10 -2.71951e-08 -3.13955e-11 -6.35054e-11 -2.53722e-10 -2.46463e-14 -4.44277e-09 -6.59335e-08 -3.37009e-10 -5.00501e-10 
63 -4.44651e-10 -2.71951e-08 -3.13957e-11 -6.35076e-11 -2.53722e-10 -2.46463e-14 -4.44278e-09 -6.59361e-08 -3.37009e-10 -5.00503e-10 
64 -4.44658e-10 -2.71951e-08 -3.13959e-11 -6.35098e-11 -2.53722e-10 -2.46463e-14 -4.44279e-09 -6.59388e-08 -3.37009e-10 -5.00505e-10 
65 -4.44665e-10 -2.71951e-08 -3.13962e-11 -6.3512e-11 -2.53722e-10 -2.46463e-14 -4.4428e-09 -6.59415e-08 -3.37009e-10 -5.00507e-10 
66 -4.44672e-10 -2.71951e-08 -3.13964e-11 -6.3514e-11 -2.53722e-10 -2.46463e-14 -4.44281e-09 -6.59444e-08 -3.37009e-10 -5.00509e-10 
67 -4.4468e-10 -2.71951e-08 -3.13966e-11 -6.3516e-11 -2.53722e-10 -2.46463e-14 -4.44282e-09 -6.59473e-08 -3.37009e-10 -5.00512e-10 
68 -4.44687e-10 -2.71951e-08 -3.13968e-11 -6.35179e-11 -2.53722e-10 -2.46463e-14 -4.44282e-09 -6.59503e-08 -3.37009e-10 -5.00515e-10 
69 -4.44694e-10 -2.71951e-08 -3.1397e-11 -6.35198e-11 -2.53722e-10 -2.46463e-14 -4.44283e-09 -6.59533e-08 -3.37009e-10 -5.00519e-10 
70 -4.44701e-10 -2.71951e-08 -3.13972e-11 -6.35215e-11 -2.53722e-10 -2.46463e-14 -4.44284e-09 -6.59564e-08 -3.37009e-10 -5.00523e-10 
71 -4.44709e-10 -2.71951e-08 -3.13974e-11 -6.35232e-11 -2.53722e-10 -2.46463e-14 -4.44285e-09 -6.59596e-08 -3.37009e-10 -5.00527e-10 
72 -4.44716e-10 -2.71951e-08 -3.13976e-11 -6.35248e-11 -2.53722e-10 -2.46463e-14 -4.44286e-09 -6.59628e-08 -3.37009e-10 -5.00531e-10 
73 -4.44723e-10 -2.71952e-08 -3.13978e-11 -6.35263e-11 -2.53722e-10 -2.46463e-14 -4.44287e-09 -6.59661e-08 -3.37008e-10 -5.00536e-10 
74 -4.44731e-10 -2.71952e-08 -3.13981e-11 -6.35278e-11 -2.53722e-10 -2.46463e-14 -4.44287e-09 -6.59695e-08 -3.37008e-10 -5.00541e-10 
75 -4.44738e-10 -2.71952e-08 -3.13983e-11 -6.35292e-11 -2.53722e-10 -2.46463e-14 -4.44288e-09 -6.59729e-08 -3.37008e-10 -5.00547e-10 
76 -4.44746e-10 -2.71952e-08 -3.13985e-11 -6.35305e-11 -2.53722e-10 -2.46463e-14 -4.44289e-09 -6.59764e-08 -3.37008e-10 -5.00552e-10 
77 -4.44753e-10 -2.71952e-08 -3.13986e-11 -6.35317e-11 -2.53722e-10 -2.46463e-14 -4.4429e-09 -6.598e-08 -3.37008e-10 -5.00558e-10 
78 -4.44761e-10 -2.71952e-08 -3.13988e-11 -6.35329e-11 -2.53722e-10 -2.46463e-14 -4.44291e-09 -6.59836e-08 -3.37008e-10 -5.00564e-10 
79 -4.44768e-10 -2.71952e-08 -3.1399e-11 -6.3534e-11 -2.53722e-10 -2.46463e-14 -4.44291e-09 -6.59872e-08 -3.37008e-10 -5.00571e-10 
80 -4.44776e-10 -2.71952e-08 -3.13992e-11 -6.3535e-11 -2.53722e-10 -2.46463e-14 -4.44292e-09 -6.5991e-08 -3.37008e-10 -5.00578e-10 
81 -4.44784e-10 -2.71952e-08 -3.13994e-11 -6.35359e-11 -2.53722e-10 -2.46463e-14 -4.44293e-09 -6.59947e-08 -3.37008e-10 -5.00585e-10 
82 -4.44791e-10 -2.71952e-08 -3.13996e-11 -6.35367e-11 -2.53722e-10 -2.46463e-14 -4.44294e-09 -6.59986e-08 -3.37008e-10 -5.00592e-10 
83 -4.44799e-10 -2.71952e-08 -3.13998e-11 -6.35375e-11 -2.53722e-10 -2.46463e-14 -4.44295e-09 -6.60025e-08 -3.37008e-10 -5.006e-10 
84 -4.44807e-10 -2.71952e-08 -3.14e-11 -6.35381e-11 -2.53722e-10 -2.46463e-14 -4.44295e-09 -6.60064e-08 -3.37007e-10 -5.00608e-10 
85 -4.44815e-10 -2.71952e-08 -3.14001e-11 -6.35387e-11 -2.53722e-10 -2.46463e-14 -4.44296e-09 -6.60105e-08 -3.37007e-10 -5.00616e-10 
86 -4.44822e-10 -2.71952e-08 -3.14003e-11 -6.35392e-11 -2.53722e-10 -2.46463e-14 -4.44297e-09 -6.60145e-08 -3.37007e-10 -5.00624e-10 
87 -4.4483e-10 -2.71953e-08 -3.14005e-11 -6.35396e-11 -2.53722e-10 -2.46463e-14 -4.44298e-09 -6.60187e-08 -3.37007e-10 -5.00632e-10 
88 -4.44838e-10 -2.71953e-08 -3.14007e-11 -6.35399e-11 -2.53722e-10 -2.46463e-14 -4.44299e-09 -6.60229e-08 -3.37007e-10 -5.00641e-10 
89 -4.44846e-10 -2.71953e-08 -3.14008e-11 -6.35401e-11 -2.53722e-10 -2.46463e-14 -4.44299e-09 -6.60272e-08 -3.37007e-10 -5.0065e-10 
90 -4.44853e-10 -2.71953e-08 -3.1401e-11 -6.35403e-11 -2.53722e-10 -2.46463e-14 -4.443e-09 -6.60315e-08 -3.37007e-10 -5.00659e-10 
91 -4.44861e-10 -2.71953e-08 -3.14012e-11 -6.35403e-11 -2.53722e-10 -2.46463e-14 -4.44301e-09 -6.60359e-08 -3.37007e-10 -5.00669e-10 
92 -4.44869e-10 -2.71953e-08 -3.14013e-11 -6.35402e-11 -2.53723e-10 -2.46463e-14 -4.44302e-09 -6.60404e-08 -3.37007e-10 -5.00679e-10 
93 -4.44877e-10 -2.71953e-08 -3.14015e-11 -6.354e-11 -2.53723e-10 -2.46463e-14 -4.44302e-09 -6.6045e-08 -3.37007e-10 -5.00688e-10 
94 -4.44885e-10 -2.71953e-08 -3.14016e-11 -6.35396e-11 -2.53723e-10 -2.46463e-14 -4.44303e-09 -6.60496e-08 -3.37007e-10 -5.00698e-10 
95 -4.44892e-10 -2.71953e-08 -3.14018e-11 -6.35392e-11 -2.53723e-10 -2.46463e-14 -4.44304e-09 -6.60543e-08 -3.37007e-10 -5.00709e-10 
96 -4.449e-10 -2.71953e-08 -3.14019e-11 -6.35386e-11 -2.53723e-10 -2.46463e-14 -4.44305e-09 -6.60591e-08 -3.37006e-10 -5.00719e-10 
97 -4.44908e-10 -2.71953e-08 -3.14021e-11 -6.35378e-11 -2.53723e-10 -2.46463e-14 -4.44305e-09 -6.6064e-08 -3.37006e-10 -5.00729e-10 
98 -4.44916e-10 -2.71953e-08 -3.14022e-11 -6.3537e-11 -2.53723e-10 -2.46463e-14 -4.44306e-09 -6.60689e-08 -3.37006e-10 -5.0074e-10 
99 -4.44924e-10 -2.71953e-08 -3.14024e-11 -6.35359e-11 -2.53723e-10 -2.46463e-14 -4.44307e-09 -6.60739e-08 -3.37006e-10 -5.00751e-10 
100 -4.44931e-10 -2.71953e-08 -3.14025e-11 -6.35348e-11 -2.53723e-10 -2.46463e-14 -4.44308e-09 -6.6079e-08 -3.37006e-10 -5.00762e-10 
101 -4.44939e-10 -2.71954e-08 -3.14027e-11 -6.35334e-11 -2.53723e-10 -2.46463e-14 -4.44308e-09 -6.60842e-08 -3.37006e-10 -5.00773e-10 
102 -4.44947e-10 -2.71954e-08 -3.14028e-11 -6.35319e-11 -2.53723e-10 -2.46463e-14 -4.44309e-09 -6.60895e-08 -3.37006e-10 -5.00784e-10 
103 -4.44955e-10 -2.71954e-08 -3.14029e-11 -6.35302e-11 -2.53723e-10 -2.46463e-14 -4.4431e-09 -6.60949e-08 -3.37006e-10 -5.00796e-10 
104 -4.44962e-10 -2.71954e-08 -3.14031e-11 -6.35283e-11 -2.53723e-10 -2.46463e-14 -4.4431e-09 -6.61003e-08 -3.37006e-10 -5.00807e-10 
105 -4.4497e-10 -2.71954e-08 -3.14032e-11 -6.35262e-11 -2.53723e-10 -2.46463e-14 -4.44311e-09 -6.61059e-08 -3.37006e-10 -5.00819e-10 
106 -4.44978e-10 -2.71954e-08 -3.14033e-11 -6.35239e-11 -2.53723e-10 -2.46463e-14 -4.44312e-09 -6.61115e-08 -3.37006e-10 -5.0083e-10 
107 -4.44985e-10 -2.71954e-08 -3.14034e-11 -6.35214e-11 -2.53723e-10 -2.46463e-14 -4.44313e-09 -6.61171e-08 -3.37005e-10 -5.00842e-10 
108 -4.44993e-10 -2.71954e-08 -3.14036e-11 -6.35187e-11 -2.53723e-10 -2.46463e-14 -4.44313e-09 -6.61229e-08 -3.37005e-10 -5.00854e-10 
109 -4.45e-10 -2.71954e-08 -3.14037e-11 -6.35158e-11 -2.53723e-10 -2.46463e-14 -4.44314e-09 -6.61287e-08 -3.37005e-10 -5.00866e-10 
110 -4.45008e-10 -2.71954e-08 -3.14038e-11 -6.35127e-11 -2.53723e-10 -2.46463e-14 -4.44315e-09 -6.61345e-08 -3.37005e-10 -5.00878e-10 
111 -4.45016e-10 -2.71954e-08 -3.14039e-11 -6.35094e-11 -2.53723e-10 -2.46463e-14 -4.44315e-09 -6.61404e-08 -3.37005e-10 -5.0089e-10 
112 -4.45023e-10 -2.71954e-08 -3.1404e-11 -6.3506e-11 -2.53723e-10 -2.46463e-14 -4.44316e-09 -6.61463e-08 -3.37005e-10 -5.00902e-10 
113 -4.45031e-10 -2.71954e-08 -3.14041e-11 -6.35023e-11 -2.53723e-10 -2.46463e-14 -4.44317e-09 -6.61521e-08 -3.37005e-10 -5.00914e-10 
114 -4.45038e-10 -2.71954e-08 -3.14042e-11 -6.34986e-11 -2.53723e-10 -2.46463e-14 -4.44318e-09 -6.61579e-08 -3.37005e-10 -5.00926e-10 
115 -4.45045e-10 -2.71955e-08 -3.14043e-11 -6.34947e-11 -2.53723e-10 -2.46463e-14 -4.44318e-09 -6.61637e-08 -3.37005e-10 -5.00938e-10 
116 -4.45053e-10 -2.71955e-08 -3.14044e-11 -6.34907e-11 -2.53723e-10 -2.46463e-14 -4.44319e-09 -6.61693e-08 -3.37005e-10 -5.0095e-10 
117 -4.4506e-10 -2.71955e-08 -3.14045e-11 -6.34867e-11 -2.53723e-10 -2.46463e-14 -4.4432e-09 -6.61748e-08 -3.37005e-10 -5.00962e-10 
118 -4.45067e-10 -2.71955e-08 -3.14046e-11 -6.34828e-11 -2.53723e-10 -2.46463e-14 -4.4432e-09 -6.61801e-08 -3.37005e-10 -5.00974e-10 
119 -4.45075e-10 -2.71955e-08 -3.14047e-11 -6.3479e-11 -2.53724e-10 -2.46463e-14 -4.44321e-09 -6.61852e-08 -3.37004e-10 -5.00986e-10 
120 -4.45082e-10 -2.71955e-08 -3.14047e-11 -6.34753e-11 -2.53724e-10 -2.46463e-14 -4.44322e-09 -6.619e-08 -3.37004e-10 -5.00998e-10 
121 -4.45089e-10 -2.71955e-08 -3.14048e-11 -6.34718e-11 -2.53724e-10 -2.46463e-14 -4.44322e-09 -6.61946e-08 -3.37004e-10 -5.0101e-10 
122 -4.45096e-10 -2.71955e-08 -3.14049e-11 -6.34686e-11 -2.53724e-10 -2.46463e-14 -4.44323e-09 -6.61988e-08 -3.37004e-10 -5.01022e-10 
123 -4.45103e-10 -2.71955e-08 -3.1405e-11 -6.34657e-11 -2.53724e-10 -2.46463e-14 -4.44324e-09 -6.62028e-08 -3.37004e-10 -5.01034e-10 
124 -4.4511e-10 -2.71955e-08 -3.1405e-11 -6.34632e-11 -2.53724e-10 -2.46463e-14 -4.44324e-09 -6.62064e-08 -3.37004e-10 -5.01045e-10 
125 -4.45117e-10 -2.71955e-08 -3.14051e-11 -6.34612e-11 -2.53724e-10 -2.46463e-14 -4.44325e-09 -6.62096e-08 -3.37004e-10 -5.01057e-10 
126 -4.45124e-10 -2.71955e-08 -3.14052e-11 -6.34595e-11 -2.53724e-10 -2.46463e-14 -4.44326e-09 -6.62126e-08 -3.37004e-10 -5.01069e-10 
127 -4.45131e-10 -2.71955e-08 -3.14052e-11 -6.34584e-11 -2.53724e-10 -2.46464e-14 -4.44326e-09 -6.62153e-08 -3.37004e-10 -5.0108e-10 
128 -4.45137e-10 -2.71956e-08 -3.14053e-11 -6.34577e-11 -2.53724e-10 -2.46464e-14 -4.44327e-09 -6.62177e-08 -3.37004e-10 -5.01092e-10 
129 -4.45144e-10 -2.71956e-08 -3.14053e-11 -6.34575e-11 -2.53724e-10 -2.46464e-14 -4.44328e-09 -6.62198e-08 -3.37004e-10 -5.01103e-10 
130 -4.45151e-10 -2.71956e-08 -3.14054e-11 -6.34577e-11 -2.53724e-10 -2.46464e-14 -4.44328e-09 -6.62218e-08 -3.37004e-10 -5.01114e-10 
131 -4.45157e-10 -2.71956e-08 -3.14054e-11 -6.34583e-11 -2.53724e-10 -2.46464e-14 -4.44329e-09 -6.62236e-08 -3.37003e-10 -5.01125e-10 
132 -4.45164e-10 -2.71956e-08 -3.14055e-11 -6.34593e-11 -2.53724e-10 -2.46464e-14 -4.4433e-09 -6.62252e-08 -3.37003e-10 -5.01136e-10 
133 -4.4517e-10 -2.71956e-08 -3.14055e-11 -6.34606e-11 -2.53724e-10 -2.46464e-14 -4.4433e-09 -6.62268e-08 -3.37003e-10 -5.01147e-10 
134 -4.45176e-10 -2.71956e-08 -3.14055e-11 -6.34622e-11 -2.53724e-10 -2.46464e-14 -4.44331e-09 -6.62283e-08 -3.37003e-10 -5.01158e-10 
135 -4.45183e-10 -2.71956e-08 -3.14056e-11 -6.34641e-11 -2.53724e-10 -2.46464e-14 -4.44331e-09 -6.62298e-08 -3.37003e-10 -5.01168e-10 
136 -4.45189e-10 -2.71956e-08 -3.14056e-11 -6.34661e-11 -2.53724e-10 -2.46464e-14 -4.44332e-09 -6.62313e-08 -3.37003e-10 -5.01179e-10 
137 -4.45195e-10 -2.71956e-08 -3.14056e-11 -6.34683e-11 -2.53724e-10 -2.46464e-14 -4.44333e-09 -6.62327e-08 -3.37003e-10 -5.01189e-10 
138 -4.45201e-10 -2.71956e-08 -3.14057e-11 -6.34707e-11 -2.53724e-10 -2.46464e-14 -4.44333e-09 -6.62343e-08 -3.37003e-10 -5.01199e-10 
139 -4.45207e-10 -2.71956e-08 -3.14057e-11 -6.34732e-11 -2.53724e-10 -2.46464e-14 -4.44334e-09 -6.62358e-08 -3.37003e-10 -5.01209e-10 
140 -4.45213e-10 -2.71956e-08 -3.14057e-11 -6.34757e-11 -2.53724e-10 -2.46464e-14 -4.44335e-09 -6.62375e-08 -3.37003e-10 -5.01219e-10 
141 -4.45218e-10 -2.71957e-08 -3.14057e-11 -6.34783e-11 -2.53724e-10 -2.46464e-14 -4.44335e-09 -6.62392e-08 -3.37003e-10 -5.01228e-10 
142 -4.45224e-10 -2.71957e-08 -3.14057e-11 -6.34809e-11 -2.53724e-10 -2.46464e-14 -4.44336e-09 -6.62409e-08 -3.37003e-10 -5.01238e-10 
143 -4.4523e-10 -2.71957e-08 -3.14057e-11 -6.34836e-11 -2.53724e-10 -2.46464e-14 -4.44336e-09 -6.62428e-08 -3.37003e-10 -5.01247e-10 
144 -4.45235e-10 -2.71957e-08 -3.14057e-11 -6.34862e-11 -2.53724e-10 -2.46464e-14 -4.44337e-09 -6.62448e-08 -3.37002e-10 -5.01256e-10 
145 -4.4524e-10 -2.71957e-08 -3.14057e-11 -6.34888e-11 -2.53725e-10 -2.46464e-14 -4.44337e-09 -6.62468e-08 -3.37002e-10 -5.01264e-10 
146 -4.45246e-10 -2.71957e-08 -3.14057e-11 -6.34914e-11 -2.53725e-10 -2.46464e-14 -4.44338e-09 -6.62489e-08 -3.37002e-10 -5.01273e-10 
147 -4.45251e-10 -2.71957e-08 -3.14057e-11 -6.3494e-11 -2.53725e-10 -2.46464e-14 -4.44339e-09 -6.62512e-08 -3.37002e-10 -5.01281e-10 
148 -4.45256e-10 -2.71957e-08 -3.14057e-11 -6.34965e-11 -2.53725e-10 -2.46464e-14 -4.44339e-09 -6.62535e-08 -3.37002e-10 -5.01289e-10 
149 -4.45261e-10 -2.71957e-08 -3.14057e-11 -6.3499e-11 -2.53725e-10 -2.46464e-14 -4.4434e-09 -6.62559e-08 -3.37002e-10 -5.01297e-10 
150 -4.45266e-10 -2.71957e-08 -3.14056e-11 -6.35014e-11 -2.53725e-10 -2.46464e-14 -4.4434e-09 -6.62584e-08 -3.37002e-10 -5.01305e-10 
151 -4.4527e-10 -2.71957e-08 -3.14056e-11 -6.35037e-11 -2.53725e-10 -2.46464e-14 -4.44341e-09 -6.6261e-08 -3.37002e-10 -5.01312e-10 
152 -4.45275e-10 -2.71957e-08 -3.14056e-11 -6.3506e-11 -2.53725e-10 -2.46464e-14 -4.44342e-09 -6.62637e-08 -3.37002e-10 -5.01319e-10 
153 -4.45279e-10 -2.71957e-08 -3.14055e-11 -6.35083e-11 -2.53725e-10 -2.46464e-14 -4.44342e-09 -6.62664e-08 -3.37002e-10 -5.01326e-10 
154 -4.45284e-10 -2.71957e-08 -3.14055e-11 -6.35105e-11 -2.53725e-10 -2.46464e-14 -4.44343e-09 -6.62693e-08 -3.37002e-10 -5.01333e-10 
155 -4.45288e-10 -2.71958e-08 -3.14055e-11 -6.35126e-11 -2.53725e-10 -2.46464e-14 -4.44343e-09 -6.62722e-08 -3.37002e-10 -5.01339e-10 
156 -4.45292e-10 -2.71958e-08 -3.14054e-11 -6.35146e-11 -2.53725e-10 -2.46464e-14 -4.44344e-09 -6.62752e-08 -3.37001e-10 -5.01345e-10 
157 -4.45296e-10 -2.71958e-08 -3.14054e-11 -6.35166e-11 -2.53725e-10 -2.46464e-14 -4.44344e-09 -6.62783e-08 -3.37001e-10 -5.01351e-10 
158 -4.453e-10 -2.71958e-08 -3.14053e-11 -6.35185e-11 -2.53725e-10 -2.46464e-14 -4.44345e-09 -6.62815e-08 -3.37001e-10 -5.01356e-10 
159 -4.45304e-10 -2.71958e-08 -3.14053e-11 -6.35203e-11 -2.53725e-10 -2.46464e-14 -4.44345e-09 -6.62847e-08 -3.37001e-10 -5.01362e-10 
160 -4.45307e-10 -2.71958e-08 -3.14052e-11 -6.35221e-11 -2.53725e-10 -2.46464e-14 -4.44346e-09 -6.6288e-08 -3.37001e-10 -5.01367e-10 
161 -4.45311e-10 -2.71958e-08 -3.14052e-11 -6.35238e-11 -2.53725e-10 -2.46464e-14 -4.44346e-09 -6.62914e-08 -3.37001e-10 -5.01371e-10 
162 -4.45314e-10 -2.71958e-08 -3.14051e-11 -6.35254e-11 -2.53725e-10 -2.46464e-14 -4.44347e-09 -6.62949e-08 -3.37001e-10 -5.01376e-10 
163 -4.45318e-10 -2.71958e-08 -3.1405e-11 -6.3527e-11 -2.53725e-10 -2.46464e-14 -4.44347e-09 -6.62984e-08 -3.37001e-10 -5.0138e-10 
164 -4.45321e-10 -2.71958e-08 -3.14049e-11 -6.35285e-11 -2.53725e-10 -2.46464e-14 -4.44348e-09 -6.6302e-08 -3.37001e-10 -5.01383e-10 
165 -4.45324e-10 -2.71958e-08 -3.14049e-11 -6.35299e-11 -2.53725e-10 -2.46464e-14 -4.44349e-09 -6.63057e-08 -3.37001e-10 -5.01387e-10 
166 -4.45327e-10 -2.71958e-08 -3.14048e-11 -6.35313e-11 -2.53725e-10 -2.46464e-14 -4.44349e-09 -6.63094e-08 -3.37001e-10 -5.0139e-10 
167 -4.4533e-10 -2.71958e-08 -3.14047e-11 -6.35326e-11 -2.53725e-10 -2.46464e-14 -4.4435e-09 -6.63133e-08 -3.37001e-10 -5.01393e-10 
168 -4.45333e-10 -2.71959e-08 -3.14046e-11 -6.35338e-11 -2.53725e-10 -2.46464e-14 -4.4435e-09 -6.63172e-08 -3.37001e-10 -5.01395e-10 
169 -4.45336e-10 -2.71959e-08 -3.14045e-11 -6.35349e-11 -2.53725e-10 -2.46464e-14 -4.44351e-09 -6.63211e-08 -3.37e-10 -5.01398e-10 
170 -4.45338e-10 -2.71959e-08 -3.14044e-11 -6.35359e-11 -2.53726e-10 -2.46464e-14 -4.44351e-09 -6.63251e-08 -3.37e-10 -5.014e-10 
171 -4.45341e-10 -2.71959e-08 -3.14043e-11 -6.35369e-11 -2.53726e-10 -2.46464e-14 -4.44352e-09 -6.63292e-08 -3.37e-10 -5.01401e-10 
172 -4.45343e-10 -2.71959e-08 -3.14042e-11 -6.35378e-11 -2.53726e-10 -2.46464e-14 -4.44352e-09 -6.63334e-08 -3.37e-10 -5.01403e-10 
173 -4.45346e-10 -2.71959e-08 -3.14041e-11 -6.35386e-11 -2.53726e-10 -2.46464e-14 -4.44353e-09 -6.63377e-08 -3.37e-10 -5.01404e-10 
174 -4.45348e-10 -2.71959e-08 -3.1404e-11 -6.35394e-11 -2.53726e-10 -2.46464e-14 -4.44353e-09 -6.6342e-08 -3.37e-10 -5.01404e-10 
175 -4.4535e-10 -2.71959e-08 -3.14039e-11 -6.354e-11 -2.53726e-10 -2.46464e-14 -4.44353e-09 -6.63464e-08 -3.37e-10 -5.01405e-10 
176 -4.45352e-10 -2.71959e-08 -3.14037e-11 -6.35405e-11 -2.53726e-10 -2.46464e-14 -4.44354e-09 -6.63508e-08 -3.37e-10 -5.01405e-10 
177 -4.45354e-10 -2.71959e-08 -3.14036e-11 -6.3541e-11 -2.53726e-10 -2.46464e-14 -4.44354e-09 -6.63554e-08 -3.37e-10 -5.01404e-10 
178 -4.45355e-10 -2.71959e-08 -3.14035e-11 -6.35414e-11 -2.53726e-10 -2.46464e-14 -4.44355e-09 -6.636e-08 -3.37e-10 -5.01404e-10 
179 -4.45357e-10 -2.71959e-08 -3.14034e-11 -6.35416e-11 -2.53726e-10 -2.46464e-14 -4.44355e-09 -6.63647e-08 -3.37e-10 -5.01403e-10 
180 -4.45359e-10 -2.71959e-08 -3.14032e-11 -6.35418e-11 -2.53726e-10 -2.46464e-14 -4.44356e-09 -6.63695e-08 -3.37e-10 -5.01401e-10 
181 -4.4536e-10 -2.71959e-08 -3.14031e-11 -6.35418e-11 -2.53726e-10 -2.46464e-14 -4.44356e-09 -6.63744e-08 -3.37e-10 -5.014e-10 
182 -4.45361e-10 -2.7196e-08 -3.14029e-11 -6.35417e-11 -2.53726e-10 -2.46463e-14 -4.44357e-09 -6.63793e-08 -3.36999e-10 -5.01398e-10 
183 -4.45363e-10 -2.7196e-08 -3.14028e-11 -6.35415e-11 -2.53726e-10 -2.46463e-14 -4.44357e-09 -6.63844e-08 -3.36999e-10 -5.01396e-10 
184 -4.45364e-10 -2.7196e-08 -3.14026e-11 -6.35412e-11 -2.53726e-10 -2.46463e-14 -4.44358e-09 -6.63895e-08 -3.36999e-10 -5.01393e-10 
185 -4.45365e-10 -2.7196e-08 -3.14025e-11 -6.35407e-11 -2.53726e-10 -2.46463e-14 -4.44358e-09 -6.63947e-08 -3.36999e-10 -5.0139e-10 
186 -4.45366e-10 -2.7196e-08 -3.14023e-11 -6.35401e-11 -2.53726e-10 -2.46463e-14 -4.44358e-09 -6.64e-08 -3.36999e-10 -5.01387e-10 
187 -4.45366e-10 -2.7196e-08 -3.14022e-11 -6.35393e-11 -2.53726e-10 -2.46463e-14 -4.44359e-09 -6.64054e-08 -3.36999e-10 -5.01384e-10 
188 -4.45367e-10 -2.7196e-08 -3.1402e-11 -6.35384e-11 -2.53726e-10 -2.46463e-14 -4.44359e-09 -6.64109e-08 -3.36999e-10 -5.0138e-10 
189 -4.45368e-10 -2.7196e-08 -3.14018e-11 -6.35373e-11 -2.53726e-10 -2.46463e-14 -4.4436e-09 -6.64165e-08 -3.36999e-10 -5.01376e-10 
190 -4.45368e-10 -2.7196e-08 -3.14016e-11 -6.3536e-11 -2.53726e-10 -2.46463e-14 -4.4436e-09 -6.64222e-08 -3.36999e-10 -5.01371e-10 
191 -4.45368e-10 -2.7196e-08 -3.14014e-11 -6.35346e-11 -2.53726e-10 -2.46463e-14 -4.44361e-09 -6.64279e-08 -3.36999e-10 -5.01367e-10 
192 -4.45369e-10 -2.7196e-08 -3.14013e-11 -6.35329e-11 -2.53726e-10 -2.46463e-14 -4.44361e-09 -6.64338e-08 -3.36999e-10 -5.01362e-10 
193 -4.45369e-10 -2.7196e-08 -3.14011e-11 -6.3531e-11 -2.53727e-10 -2.46463e-14 -4.44361e-09 -6.64398e-08 -3.36999e-10 -5.01356e-10 
194 -4.45369e-10 -2.7196e-08 -3.14009e-11 -6.3529e-11 -2.53727e-10 -2.46463e-14 -4.44362e-09 -6.64458e-08 -3.36999e-10 -5.01351e-10 
195 -4.45369e-10 -2.71961e-08 -3.14007e-11 -6.35266e-11 -2.53727e-10 -2.46463e-14 -4.44362e-09 -6.64519e-08 -3.36998e-10 -5.01345e-10 
196 -4.45368e-10 -2.71961e-08 -3.14005e-11 -6.35241e-11 -2.53727e-10 -2.46463e-14 -4.44363e-09 -6.64581e-08 -3.36998e-10 -5.01339e-10 
197 -4.45368e-10 -2.71961e-08 -3.14003e-11 -6.35214e-11 -2.53727e-10 -2.46463e-14 -4.44363e-09 -6.64644e-08 -3.36998e-10 -5.01332e-10 
198 -4.45367e-10 -2.71961e-08 -3.14001e-11 -6.35184e-11 -2.53727e-10 -2.46463e-14 -4.44363e-09 -6.64707e-08 -3.36998e-10 -5.01326e-10 
199 -4.45367e-10 -2.71961e-08 -3.13999e-11 -6.35151e-11 -2.53727e-10 -2.46463e-14 -4.44364e-09 -6.6477e-08 -3.36998e-10 -5.01319e-10 
200 -4.45366e-10 -2.71961e-08 -3.13996e-11 -6.35117e-11 -2.53727e-10 -2.46463e-14 -4.44364e-09 -6.64834e-08 -3.36998e-10 -5.01312e-10 
201 -4.45365e-10 -2.71961e-08 -3.13994e-11 -6.35081e-11 -2.53727e-10 -2.46463e-14 -4.44364e-09 -6.64897e-08 -3.36998e-10 -5.01304e-10 
202 -4.45365e-10 -2.71961e-08 -3.13992e-11 -6.35043e-11 -2.53727e-10 -2.46463e-14 -4.44365e-09 -6.6496e-08 -3.36998e-10 -5.01296e-10 
203 -4.45364e-10 -2.71961e-08 -3.1399e-11 -6.35003e-11 -2.53727e-10 -2.46463e-14 -4.44365e-09 -6.65022e-08 -3.36998e-10 -5.01289e-10 
204 -4.45362e-10 -2.71961e-08 -3.13987e-11 -6.34962e-11 -2.53727e-10 -2.46463e-14 -4.44366e-09 -6.65084e-08 -3.36998e-10 -5.0128e-10 
205 -4.45361e-10 -2.71961e-08 -3.13985e-11 -6.34921e-11 -2.53727e-10 -2.46463e-14 -4.44366e-09 -6.65143e-08 -3.36998e-10 -5.01272e-10 
206 -4.4536e-10 -2.71961e-08 -3.13983e-11 -6.34879e-11 -2.53727e-10 -2.46463e-14 -4.44366e-09 -6.65201e-08 -3.36998e-10 -5.01263e-10 
207 -4.45358e-10 -2.71961e-08 -3.1398e-11 -6.34838e-11 -2.53727e-10 -2.46463e-14 -4.44367e-09 -6.65257e-08 -3.36998e-10 -5.01254e-10 
208 -4.45357e-10 -2.71961e-08 -3.13978e-11 -6.34798e-11 -2.53727e-10 -2.46463e-14 -4.44367e-09 -6.65311e-08 -3.36998e-10 -5.01245e-10 
209 -4.45355e-10 -2.71962e-08 -3.13975e-11 -6.34759e-11 -2.53727e-10 -2.46463e-14 -4.44367e-09 -6.65361e-08 -3.36997e-10 -5.01236e-10 
210 -4.45353e-10 -2.71962e-08 -3.13973e-11 -6.34723e-11 -2.53727e-10 -2.46463e-14 -4.44368e-09 -6.65409e-08 -3.36997e-10 -5.01226e-10 
211 -4.45351e-10 -2.71962e-08 -3.1397e-11 -6.3469e-11 -2.53727e-10 -2.46463e-14 -4.44368e-09 -6.65454e-08 -3.36997e-10 -5.01217e-10 
212 -4.45349e-10 -2.71962e-08 -3.13967e-11 -6.3466e-11 -2.53727e-10 -2.46463e-14 -4.44368e-09 -6.65495e-08 -3.36997e-10 -5.01207e-10 
213 -4.45347e-10 -2.71962e-08 -3.13965e-11 -6.34634e-11 -2.53727e-10 -2.46463e-14 -4.44369e-09 -6.65533e-08 -3.36997e-10 -5.01197e-10 
214 -4.45345e-10 -2.71962e-08 -3.13962e-11 -6.34613e-11 -2.53727e-10 -2.46463e-14 -4.44369e-09 -6.65568e-08 -3.36997e-10 -5.01187e-10 
215 -4.45343e-10 -2.71962e-08 -3.13959e-11 -6.34596e-11 -2.53727e-10 -2.46463e-14 -4.44369e-09 -6.656e-08 -3.36997e-10 -5.01176e-10 
216 -4.4534e-10 -2.71962e-08 -3.13957e-11 -6.34584e-11 -2.53728e-10 -2.46463e-14 -4.44369e-09 -6.65629e-08 -3.36997e-10 -5.01165e-10 
217 -4.45338e-10 -2.71962e-08 -3.13954e-11 -6.34576e-11 -2.53728e-10 -2.46463e-14 -4.4437e-09 -6.65656e-08 -3.36997e-10 -5.01155e-10 
218 -4.45335e-10 -2.71962e-08 -3.13951e-11 -6.34573e-11 -2.53728e-10 -2.46463e-14 -4.4437e-09 -6.65681e-08 -3.36997e-10 -5.01144e-10 
219 -4.45332e-10 -2.71962e-08 -3.13948e-11 -6.34574e-11 -2.53728e-10 -2.46463e-14 -4.4437e-09 -6.65705e-08 -3.36997e-10 -5.01133e-10 
220 -4.45329e-10 -2.71962e-08 -3.13945e-11 -6.34579e-11 -2.53728e-10 -2.46463e-14 -4.44371e-09 -6.65727e-08 -3.36997e-10 -5.01122e-10 
221 -4.45326e-10 -2.71962e-08 -3.13943e-11 -6.34588e-11 -2.53728e-10 -2.46463e-14 -4.44371e-09 -6.65748e-08 -3.36997e-10 -5.0111e-10 
222 -4.45323e-10 -2.71962e-08 -3.1394e-11 -6.346e-11 -2.53728e-10 -2.46463e-14 -4.44371e-09 -6.65769e-08 -3.36997e-10 -5.01099e-10 
223 -4.4532e-10 -2.71963e-08 -3.13937e-11 -6.34614e-11 -2.53728e-10 -2.46463e-14 -4.44371e-09 -6.65789e-08 -3.36996e-10 -5.01087e-10 
224 -4.45316e-10 -2.71963e-08 -3.13934e-11 -6.34631e-11 -2.53728e-10 -2.46463e-14 -4.44372e-09 -6.6581e-08 -3.36996e-10 -5.01076e-10 
225 -4.45313e-10 -2.71963e-08 -3.13931e-11 -6.3465e-11 -2.53728e-10 -2.46463e-14 -4.44372e-09 -6.65831e-08 -3.36996e-10 -5.01064e-10 
226 -4.45309e-10 -2.71963e-08 -3.13928e-11 -6.34671e-11 -2.53728e-10 -2.46463e-14 -4.44372e-09 -6.65851e-08 -3.36996e-10 -5.01052e-10 
227 -4.45306e-10 -2.71963e-08 -3.13925e-11 -6.34693e-11 -2.53728e-10 -2.46463e-14 -4.44373e-09 -6.65873e-08 -3.36996e-10 -5.0104e-10 
228 -4.45302e-10 -2.71963e-08 -3.13922e-11 -6.34716e-11 -2.53728e-10 -2.46463e-14 -4.44373e-09 -6.65895e-08 -3.36996e-10 -5.01028e-10 
229 -4.45298e-10 -2.71963e-08 -3.13918e-11 -6.3474e-11 -2.53728e-10 -2.46463e-14 -4.44373e-09 -6.65918e-08 -3.36996e-10 -5.01016e-10 
230 -4.45294e-10 -2.71963e-08 -3.13915e-11 -6.34765e-11 -2.53728e-10 -2.46463e-14 -4.44373e-09 -6.65942e-08 -3.36996e-10 -5.01004e-10 
231 -4.4529e-10 -2.71963e-08 -3.13912e-11 -6.3479e-11 -2.53728e-10 -2.46463e-14 -4.44374e-09 -6.65966e-08 -3.36996e-10 -5.00992e-10 
232 -4.45286e-10 -2.71963e-08 -3.13909e-11 -6.34815e-11 -2.53728e-10 -2.46463e-14 -4.44374e-09 -6.65991e-08 -3.36996e-10 -5.0098e-10 
233 -4.45282e-10 -2.71963e-08 -3.13906e-11 -6.3484e-11 -2.53728e-10 -2.46463e-14 -4.44374e-09 -6.66017e-08 -3.36996e-10 -5.00968e-10 
234 -4.45277e-10 -2.71963e-08 -3.13903e-11 -6.34865e-11 -2.53728e-10 -2.46463e-14 -4.44374e-09 -6.66045e-08 -3.36996e-10 -5.00955e-10 
235 -4.45273e-10 -2.71963e-08 -3.13899e-11 -6.3489e-11 -2.53728e-10 -2.46463e-14 -4.44374e-09 -6.66073e-08 -3.36996e-10 -5.00943e-10 
236 -4.45268e-10 -2.71963e-08 -3.13896e-11 -6.34915e-11 -2.53728e-10 -2.46463e-14 -4.44375e-09 -6.66101e-08 -3.36996e-10 -5.00931e-10 
237 -4.45263e-10 -2.71964e-08 -3.13893e-11 -6.34939e-11 -2.53728e-10 -2.46463e-14 -4.44375e-09 -6.66131e-08 -3.36995e-10 -5.00919e-10 
238 -4.45259e-10 -2.71964e-08 -3.13889e-11 -6.34964e-11 -2.53729e-10 -2.46463e-14 -4.44375e-09 -6.66162e-08 -3.36995e-10 -5.00907e-10 
239 -4.45254e-10 -2.71964e-08 -3.13886e-11 -6.34987e-11 -2.53729e-10 -2.46463e-14 -4.44375e-09 -6.66193e-08 -3.36995e-10 -5.00894e-10 
240 -4.45249e-10 -2.71964e-08 -3.13883e-11 -6.35011e-11 -2.53729e-10 -2.46463e-14 -4.44376e-09 -6.66225e-08 -3.36995e-10 -5.00882e-10 
241 -4.45244e-10 -2.71964e-08 -3.13879e-11 -6.35034e-11 -2.53729e-10 -2.46463e-14 -4.44376e-09 -6.66259e-08 -3.36995e-10 -5.0087e-10 
242 -4.45239e-10 -2.71964e-08 -3.13876e-11 -6.35056e-11 -2.53729e-10 -2.46463e-14 -4.44376e-09 -6.66292e-08 -3.36995e-10 -5.00858e-10 
243 -4.45233e-10 -2.71964e-08 -3.13873e-11 -6.35078e-11 -2.53729e-10 -2.46463e-14 -4.44376e-09 -6.66327e-08 -3.36995e-10 -5.00846e-10 
244 -4.45228e-10 -2.71964e-08 -3.13869e-11 -6.35099e-11 -2.53729e-10 -2.46463e-14 -4.44376e-09 -6.66362e-08 -3.36995e-10 -5.00834e-10 
245 -4.45223e-10 -2.71964e-08 -3.13866e-11 -6.3512e-11 -2.53729e-10 -2.46463e-14 -4.44376e-09 -6.66399e-08 -3.36995e-10 -5.00822e-10 
246 -4.45217e-10 -2.71964e-08 -3.13862e-11 -6.3514e-11 -2.53729e-10 -2.46463e-14 -4.44377e-09 -6.66435e-08 -3.36995e-10 -5.0081e-10 
247 -4.45211e-10 -2.71964e-08 -3.13859e-11 -6.3516e-11 -2.53729e-10 -2.46463e-14 -4.44377e-09 -6.66473e-08 -3.36995e-10 -5.00799e-10 
248 -4.45206e-10 -2.71964e-08 -3.13855e-11 -6.35179e-11 -2.53729e-10 -2.46463e-14 -4.44377e-09 -6.66511e-08 -3.36995e-10 -5.00787e-10 
249 -4.452e-10 -2.71964e-08 -3.13852e-11 -6.35197e-11 -2.53729e-10 -2.46463e-14 -4.44377e-09 -6.6655e-08 -3.36995e-10 -5.00776e-10 
250 -4.45194e-10 -2.71964e-08 -3.13848e-11 -6.35215e-11 -2.53729e-10 -2.46463e-14 -4.44377e-09 -6.6659e-08 -3.36995e-10 -5.00764e-10 
251 -4.45188e-10 -2.71965e-08 -3.13844e-11 -6.35232e-11 -2.53729e-10 -2.46463e-14 -4.44377e-09 -6.6663e-08 -3.36995e-10 -5.00753e-10 
252 -4.45182e-10 -2.71965e-08 -3.13841e-11 -6.35249e-11 -2.53729e-10 -2.46463e-14 -4.44378e-09 -6.66671e-08 -3.36994e-10 -5.00742e-10 
253 -4.45176e-10 -2.71965e-08 -3.13837e-11 -6.35265e-11 -2.53729e-10 -2.46463e-14 -4.44378e-09 -6.66712e-08 -3.36994e-10 -5.00731e-10 
254 -4.4517e-10 -2.71965e-08 -3.13834e-11 -6.3528e-11 -2.53729e-10 -2.46463e-14 -4.44378e-09 -6.66754e-08 -3.36994e-10 -5.0072e-10 
255 -4.45164e-10 -2.71965e-08 -3.1383e-11 -6.35295e-11 -2.53729e-10 -2.46463e-14 -4.44378e-09 -6.66797e-08 -3.36994e-10 -5.00709e-10 
256 -4.45157e-10 -2.71965e-08 -3.13826e-11 -6.35309e-11 -2.53729e-10 -2.46463e-14 -4.44378e-09 -6.6684e-08 -3.36994e-10 -5.00699e-10 
257 -4.45151e-10 -2.71965e-08 -3.13822e-11 -6.35322e-11 -2.53729e-10 -2.46463e-14 -4.44378e-09 -6.66884e-08 -3.36994e-10 -5.00689e-10 
258 -4.45144e-10 -2.71965e-08 -3.13819e-11 -6.35335e-11 -2.53729e-10 -2.46463e-14 -4.44378e-09 -6.66929e-08 -3.36994e-10 -5.00678e-10 
259 -4.45138e-10 -2.71965e-08 -3.13815e-11 -6.35347e-11 -2.5373e-10 -2.46463e-14 -4.44379e-09 -6.66974e-08 -3.36994e-10 -5.00669e-10 
260 -4.45131e-10 -2.71965e-08 -3.13811e-11 -6.35358e-11 -2.5373e-10 -2.46463e-14 -4.44379e-09 -6.6702e-08 -3.36994e-10 -5.00659e-10 
261 -4.45124e-10 -2.71965e-08 -3.13808e-11 -6.35368e-11 -2.5373e-10 -2.46463e-14 -4.44379e-09 -6.67066e-08 -3.36994e-10 -5.00649e-10 
262 -4.45118e-10 -2.71965e-08 -3.13804e-11 -6.35378e-11 -2.5373e-10 -2.46463e-14 -4.44379e-09 -6.67113e-08 -3.36994e-10 -5.0064e-10 
263 -4.45111e-10 -2.71965e-08 -3.138e-11 -6.35387e-11 -2.5373e-10 -2.46463e-14 -4.44379e-09 -6.67161e-08 -3.36994e-10 -5.00631e-10 
264 -4.45104e-10 -2.71966e-08 -3.13796e-11 -6.35395e-11 -2.5373e-10 -2.46463e-14 -4.44379e-09 -6.67209e-08 -3.36994e-10 -5.00622e-10 
265 -4.45097e-10 -2.71966e-08 -3.13792e-11 -6.35402e-11 -2.5373e-10 -2.46463e-14 -4.44379e-09 -6.67258e-08 -3.36994e-10 -5.00613e-10 
266 -4.4509e-10 -2.71966e-08 -3.13788e-11 -6.35408e-11 -2.5373e-10 -2.46463e-14 -4.44379e-09 -6.67308e-08 -3.36994e-10 -5.00605e-10 
267 -4.45083e-10 -2.71966e-08 -3.13785e-11 -6.35413e-11 -2.5373e-10 -2.46463e-14 -4.44379e-09 -6.67358e-08 -3.36993e-10 -5.00597e-10 
268 -4.45076e-10 -2.71966e-08 -3.13781e-11 -6.35417e-11 -2.5373e-10 -2.46463e-14 -4.44379e-09 -6.67409e-08 -3.36993e-10 -5.00589e-10 
269 -4.45069e-10 -2.71966e-08 -3.13777e-11 -6.3542e-11 -2.5373e-10 -2.46463e-14 -4.4438e-09 -6.67461e-08 -3.36993e-10 -5.00581e-10 
270 -4.45061e-10 -2.71966e-08 -3.13773e-11 -6.35422e-11 -2.5373e-10 -2.46463e-14 -4.4438e-09 -6.67514e-08 -3.36993e-10 -5.00574e-10 
271 -4.45054e-10 -2.71966e-08 -3.13769e-11 -6.35423e-11 -2.5373e-10 -2.46463e-14 -4.4438e-09 -6.67567e-08 -3.36993e-10 -5.00566e-10 
272 -4.45047e-10 -2.71966e-08 -3.13765e-11 -6.35422e-11 -2.5373e-10 -2.46463e-14 -4.4438e-09 -6.67621e-08 -3.36993e-10 -5.00559e-10 
273 -4.45039e-10 -2.71966e-08 -3.13761e-11 -6.3542e-11 -2.5373e-10 -2.46463e-14 -4.4438e-09 -6.67676e-08 -3.36993e-10 -5.00553e-10 
274 -4.45032e-10 -2.71966e-08 -3.13757e-11 -6.35417e-11 -2.5373e-10 -2.46463e-14 -4.4438e-09 -6.67731e-08 -3.36993e-10 -5.00547e-10 
275 -4.45024e-10 -2.71966e-08 -3.13753e-11 -6.35412e-11 -2.5373e-10 -2.46463e-14 -4.4438e-09 -6.67787e-08 -3.36993e-10 -5.00541e-10 
276 -4.45017e-10 -2.71966e-08 -3.13749e-11 -6.35406e-11 -2.5373e-10 -2.46463e-14 -4.4438e-09 -6.67845e-08 -3.36993e-10 -5.00535e-10 
277 -4.45009e-10 -2.71967e-08 -3.13745e-11 -6.35397e-11 -2.5373e-10 -2.46463e-14 -4.4438e-09 -6.67903e-08 -3.36993e-10 -5.00529e-10 
278 -4.45002e-10 -2.71967e-08 -3.13741e-11 -6.35387e-11 -2.5373e-10 -2.46463e-14 -4.4438e-09 -6.67961e-08 -3.36993e-10 -5.00524e-10 
279 -4.44994e-10 -2.71967e-08 -3.13737e-11 -6.35376e-11 -2.5373e-10 -2.46463e-14 -4.4438e-09 -6.68021e-08 -3.36993e-10 -5.00519e-10 
280 -4.44986e-10 -2.71967e-08 -3.13733e-11 -6.35362e-11 -2.53731e-10 -2.46463e-14 -4.4438e-09 -6.68081e-08 -3.36993e-10 -5.00515e-10 
281 -4.44979e-10 -2.71967e-08 -3.13729e-11 -6.35346e-11 -2.53731e-10 -2.46463e-14 -4.4438e-09 -6.68142e-08 -3.36993e-10 -5.00511e-10 
282 -4.44971e-10 -2.71967e-08 -3.13725e-11 -6.35327e-11 -2.53731e-10 -2.46463e-14 -4.4438e-09 -6.68204e-08 -3.36993e-10 -5.00507e-10 
283 -4.44963e-10 -2.71967e-08 -3.13721e-11 -6.35307e-11 -2.53731e-10 -2.46462e-14 -4.4438e-09 -6.68267e-08 -3.36993e-10 -5.00503e-10 
284 -4.44955e-10 -2.71967e-08 -3.13717e-11 -6.35284e-11 -2.53731e-10 -2.46462e-14 -4.4438e-09 -6.6833e-08 -3.36992e-10 -5.005e-10 
285 -4.44948e-10 -2.71967e-08 -3.13713e-11 -6.35258e-11 -2.53731e-10 -2.46462e-14 -4.4438e-09 -6.68393e-08 -3.36992e-10 -5.00497e-10 
286 -4.4494e-10 -2.71967e-08 -3.13709e-11 -6.35231e-11 -2.53731e-10 -2.46462e-14 -4.4438e-09 -6.68457e-08 -3.36992e-10 -5.00494e-10 
287 -4.44932e-10 -2.71967e-08 -3.13705e-11 -6.352e-11 -2.53731e-10 -2.46462e-14 -4.4438e-09 -6.68521e-08 -3.36992e-10 -5.00492e-10 
288 -4.44924e-10 -2.71967e-08 -3.137e-11 -6.35168e-11 -2.53731e-10 -2.46462e-14 -4.4438e-09 -6.68585e-08 -3.36992e-10 -5.0049e-10 
289 -4.44916e-10 -2.71967e-08 -3.13696e-11 -6.35132e-11 -2.53731e-10 -2.46462e-14 -4.4438e-09 -6.68649e-08 -3.36992e-10 -5.00489e-10 
290 -4.44908e-10 -2.71967e-08 -3.13692e-11 -6.35095e-11 -2.53731e-10 -2.46462e-14 -4.4438e-09 -6.68712e-08 -3.36992e-10 -5.00487e-10 
291 -4.449e-10 -2.71968e-08 -3.13688e-11 -6.35056e-11 -2.53731e-10 -2.46462e-14 -4.4438e-09 -6.68774e-08 -3.36992e-10 -5.00486e-10 
292 -4.44892e-10 -2.71968e-08 -3.13684e-11 -6.35016e-11 -2.53731e-10 -2.46462e-14 -4.4438e-09 -6.68835e-08 -3.36992e-10 -5.00486e-10 
293 -4.44884e-10 -2.71968e-08 -3.1368e-11 -6.34974e-11 -2.53731e-10 -2.46462e-14 -4.4438e-09 -6.68895e-08 -3.36992e-10 -5.00485e-10 
294 -4.44876e-10 -2.71968e-08 -3.13676e-11 -6.34932e-11 -2.53731e-10 -2.46462e-14 -4.4438e-09 -6.68952e-08 -3.36992e-10 -5.00485e-10 
295 -4.44868e-10 -2.71968e-08 -3.13672e-11 -6.34889e-11 -2.53731e-10 -2.46462e-14 -4.4438e-09 -6.69007e-08 -3.36992e-10 -5.00486e-10 
296 -4.4486e-10 -2.71968e-08 -3.13667e-11 -6.34848e-11 -2.53731e-10 -2.46462e-14 -4.4438e-09 -6.6906e-08 -3.36992e-10 -5.00487e-10 
297 -4.44852e-10 -2.71968e-08 -3.13663e-11 -6.34807e-11 -2.53731e-10 -2.46462e-14 -4.4438e-09 -6.6911e-08 -3.36992e-10 -5.00488e-10 
298 -4.44844e-10 -2.71968e-08 -3.13659e-11 -6.34768e-11 -2.53731e-10 -2.46462e-14 -4.4438e-09 -6.69156e-08 -3.36992e-10 -5.00489e-10 
299 -4.44836e-10 -2.71968e-08 -3.13655e-11 -6.34732e-11 -2.53731e-10 -2.46462e-14 -4.4438e-09 -6.69199e-08 -3.36992e-10 -5.00491e-10 
300 -4.44828e-10 -2.71968e-08 -3.13651e-11 -6.34699e-11 -2.53732e-10 -2.46462e-14 -4.4438e-09 -6.69239e-08 -3.36992e-10 -5.00493e-10 
301 -4.4482e-10 -2.71968e-08 -3.13647e-11 -6.3467e-11 -2.53732e-10 -2.46462e-14 -4.4438e-09 -6.69275e-08 -3.36991e-10 -5.00495e-10 
302 -4.44812e-10 -2.71968e-08 -3.13643e-11 -6.34644e-11 -2.53732e-10 -2.46462e-14 -4.4438e-09 -6.69309e-08 -3.36991e-10 -5.00498e-10 
303 -4.44804e-10 -2.71968e-08 -3.13639e-11 -6.34623e-11 -2.53732e-10 -2.46462e-14 -4.44379e-09 -6.69339e-08 -3.36991e-10 -5.00501e-10 
304 -4.44797e-10 -2.71969e-08 -3.13634e-11 -6.34607e-11 -2.53732e-10 -2.46462e-14 -4.44379e-09 -6.69366e-08 -3.36991e-10 -5.00505e-10 
305 -4.44789e-10 -2.71969e-08 -3.1363e-11 -6.34595e-11 -2.53732e-10 -2.46462e-14 -4.44379e-09 -6.69391e-08 -3.36991e-10 -5.00508e-10 
306 -4.44781e-10 -2.71969e-08 -3.13626e-11 -6.34588e-11 -2.53732e-10 -2.46462e-14 -4.44379e-09 -6.69414e-08 -3.36991e-10 -5.00512e-10 
307 -4.44773e-10 -2.71969e-08 -3.13622e-11 -6.34584e-11 -2.53732e-10 -2.46462e-14 -4.44379e-09 -6.69435e-08 -3.36991e-10 -5.00517e-10 
308 -4.44765e-10 -2.71969e-08 -3.13618e-11 -6.34585e-11 -2.53732e-10 -2.46462e-14 -4.44379e-09 -6.69455e-08 -3.36991e-10 -5.00521e-10 
309 -4.44757e-10 -2.71969e-08 -3.13614e-11 -6.3459e-11 -2.53732e-10 -2.46462e-14 -4.44379e-09 -6.69473e-08 -3.36991e-10 -5.00526e-10 
310 -4.44749e-10 -2.71969e-08 -3.1361e-11 -6.34598e-11 -2.53732e-10 -2.46462e-14 -4.44379e-09 -6.69491e-08 -3.36991e-10 -5.00532e-10 
311 -4.44742e-10 -2.71969e-08 -3.13606e-11 -6.34609e-11 -2.53732e-10 -2.46462e-14 -4.44379e-09 -6.69509e-08 -3.36991e-10 -5.00537e-10 
312 -4.44734e-10 -2.71969e-08 -3.13602e-11 -6.34622e-11 -2.53732e-10 -2.46462e-14 -4.44379e-09 -6.69527e-08 -3.36991e-10 -5.00543e-10 
313 -4.44726e-10 -2.71969e-08 -3.13598e-11 -6.34638e-11 -2.53732e-10 -2.46462e-14 -4.44378e-09 -6.69544e-08 -3.36991e-10 -5.00549e-10 
314 -4.44719e-10 -2.71969e-08 -3.13593e-11 -6.34656e-11 -2.53732e-10 -2.46462e-14 -4.44378e-09 -6.69562e-08 -3.36991e-10 -5.00556e-10 
315 -4.44711e-10 -2.71969e-08 -3.13589e-11 -6.34675e-11 -2.53732e-10 -2.46462e-14 -4.44378e-09 -6.6958e-08 -3.36991e-10 -5.00562e-10 
316 -4.44703e-10 -2.71969e-08 -3.13585e-11 -6.34696e-11 -2.53732e-10 -2.46462e-14 -4.44378e-09 -6.69599e-08 -3.36991e-10 -5.00569e-10 
317 -4.44696e-10 -2.7197e-08 -3.13581e-11 -6.34717e-11 -2.53732e-10 -2.46462e-14 -4.44378e-09 -6.69618e-08 -3.36991e-10 -5.00577e-10 
318 -4.44688e-10 -2.7197e-08 -3.13577e-11 -6.3474e-11 -2.53732e-10 -2.46462e-14 -4.44378e-09 -6.69638e-08 -3.36991e-10 -5.00584e-10 
319 -4.44681e-10 -2.7197e-08 -3.13573e-11 -6.34763e-11 -2.53732e-10 -2.46462e-14 -4.44378e-09 -6.69659e-08 -3.3699e-10 -5.00592e-10 
320 -4.44673e-10 -2.7197e-08 -3.13569e-11 -6.34787e-11 -2.53733e-10 -2.46462e-14 -4.44377e-09 -6.69681e-08 -3.3699e-10 -5.006e-10 
321 -4.44666e-10 -2.7197e-08 -3.13565e-11 -6.34811e-11 -2.53733e-10 -2.46462e-14 -4.44377e-09 -6.69703e-08 -3.3699e-10 -5.00609e-10 
322 -4.44659e-10 -2.7197e-08 -3.13561e-11 -6.34835e-11 -2.53733e-10 -2.46462e-14 -4.44377e-09 -6.69726e-08 -3.3699e-10 -5.00617e-10 
323 -4.44651e-10 -2.7197e-08 -3.13557e-11 -6.34859e-11 -2.53733e-10 -2.46462e-14 -4.44377e-09 -6.6975e-08 -3.3699e-10 -5.00626e-10 
324 -4.44644e-10 -2.7197e-08 -3.13553e-11 -6.34883e-11 -2.53733e-10 -2.46462e-14 -4.44377e-09 -6.69774e-08 -3.3699e-10 -5.00635e-10 
325 -4.44637e-10 -2.7197e-08 -3.13549e-11 -6.34907e-11 -2.53733e-10 -2.46462e-14 -4.44377e-09 -6.69799e-08 -3.3699e-10 -5.00644e-10 
326 -4.4463e-10 -2.7197e-08 -3.13545e-11 -6.34931e-11 -2.53733e-10 -2.46462e-14 -4.44376e-09 -6.69826e-08 -3.3699e-10 -5.00654e-10 
327 -4.44623e-10 -2.7197e-08 -3.13542e-11 -6.34954e-11 -2.53733e-10 -2.46462e-14 -4.44376e-09 -6.69852e-08 -3.3699e-10 -5.00663e-10 
328 -4.44616e-10 -2.7197e-08 -3.13538e-11 -6.34978e-11 -2.53733e-10 -2.46462e-14 -4.44376e-09 -6.6988e-08 -3.3699e-10 -5.00673e-10 
329 -4.44609e-10 -2.7197e-08 -3.13534e-11 -6.35001e-11 -2.53733e-10 -2.46462e-14 -4.44376e-09 -6.69908e-08 -3.3699e-10 -5.00683e-10 
330 -4.44602e-10 -2.71971e-08 -3.1353e-11 -6.35023e-11 -2.53733e-10 -2.46462e-14 -4.44376e-09 -6.69937e-08 -3.3699e-10 -5.00694e-10 
331 -4.44596e-10 -2.71971e-08 -3.13526e-11 -6.35045e-11 -2.53733e-10 -2.46462e-14 -4.44375e-09 -6.69967e-08 -3.3699e-10 -5.00704e-10 
332 -4.44589e-10 -2.71971e-08 -3.13522e-11 -6.35067e-11 -2.53733e-10 -2.46462e-14 -4.44375e-09 -6.69997e-08 -3.3699e-10 -5.00715e-10 
333 -4.44582e-10 -2.71971e-08 -3.13518e-11 -6.35088e-11 -2.53733e-10 -2.46462e-14 -4.44375e-09 -6.70028e-08 -3.3699e-10 -5.00726e-10 
334 -4.44576e-10 -2.71971e-08 -3.13514e-11 -6.35109e-11 -2.53733e-10 -2.46462e-14 -4.44375e-09 -6.70059e-08 -3.3699e-10 -5.00737e-10 
335 -4.44569e-10 -2.71971e-08 -3.13511e-11 -6.35129e-11 -2.53733e-10 -2.46461e-14 -4.44375e-09 -6.70091e-08 -3.3699e-10 -5.00748e-10 
336 -4.44563e-10 -2.71971e-08 -3.13507e-11 -6.35149e-11 -2.53733e-10 -2.46461e-14 -4.44374e-09 -6.70124e-08 -3.3699e-10 -5.00759e-10 
337 -4.44557e-10 -2.71971e-08 -3.13503e-11 -6.35168e-11 -2.53733e-10 -2.46461e-14 -4.44374e-09 -6.70157e-08 -3.3699e-10 -5.0077e-10 
338 -4.44551e-10 -2.71971e-08 -3.13499e-11 -6.35187e-11 -2.53733e-10 -2.46461e-14 -4.44374e-09 -6.70191e-08 -3.36989e-10 -5.00782e-10 
339 -4.44544e-10 -2.71971e-08 -3.13496e-11 -6.35206e-11 -2.53734e-10 -2.46461e-14 -4.44374e-09 -6.70226e-08 -3.36989e-10 -5.00794e-10 
340 -4.44538e-10 -2.71971e-08 -3.13492e-11 -6.35223e-11 -2.53734e-10 -2.46461e-14 -4.44373e-09 -6.70261e-08 -3.36989e-10 -5.00805e-10 
341 -4.44532e-10 -2.71971e-08 -3.13488e-11 -6.3524e-11 -2.53734e-10 -2.46461e-14 -4.44373e-09 -6.70296e-08 -3.36989e-10 -5.00817e-10 
342 -4.44527e-10 -2.71971e-08 -3.13484e-11 -6.35257e-11 -2.53734e-10 -2.46461e-14 -4.44373e-09 -6.70332e-08 -3.36989e-10 -5.00829e-10 
343 -4.44521e-10 -2.71972e-08 -3.13481e-11 -6.35273e-11 -2.53734e-10 -2.46461e-14 -4.44373e-09 -6.70369e-08 -3.36989e-10 -5.00841e-10 
344 -4.44515e-10 -2.71972e-08 -3.13477e-11 -6.35289e-11 -2.53734e-10 -2.46461e-14 -4.44372e-09 -6.70406e-08 -3.36989e-10 -5.00853e-10 
345 -4.4451e-10 -2.71972e-08 -3.13473e-11 -6.35303e-11 -2.53734e-10 -2.46461e-14 -4.44372e-09 -6.70444e-08 -3.36989e-10 -5.00865e-10 
346 -4.44504e-10 -2.71972e-08 -3.1347e-11 -6.35318e-11 -2.53734e-10 -2.46461e-14 -4.44372e-09 -6.70482e-08 -3.36989e-10 -5.00878e-10 
347 -4.44499e-10 -2.71972e-08 -3.13466e-11 -6.35331e-11 -2.53734e-10 -2.46461e-14 -4.44372e-09 -6.70521e-08 -3.36989e-10 -5.0089e-10 
348 -4.44494e-10 -2.71972e-08 -3.13463e-11 -6.35344e-11 -2.53734e-10 -2.46461e-14 -4.44371e-09 -6.70561e-08 -3.36989e-10 -5.00902e-10 
349 -4.44488e-10 -2.71972e-08 -3.13459e-11 -6.35356e-11 -2.53734e-10 -2.46461e-14 -4.44371e-09 -6.70601e-08 -3.36989e-10 -5.00915e-10 
350 -4.44483e-10 -2.71972e-08 -3.13455e-11 -6.35368e-11 -2.53734e-10 -2.46461e-14 -4.44371e-09 -6.70641e-08 -3.36989e-10 -5.00927e-10 
351 -4.44478e-10 -2.71972e-08 -3.13452e-11 -6.35378e-11 -2.53734e-10 -2.46461e-14 -4.44371e-09 -6.70682e-08 -3.36989e-10 -5.00939e-10 
352 -4.44474e-10 -2.71972e-08 -3.13448e-11 -6.35388e-11 -2.53734e-10 -2.46461e-14 -4.4437e-09 -6.70724e-08 -3.36989e-10 -5.00952e-10 
353 -4.44469e-10 -2.71972e-08 -3.13445e-11 -6.35397e-11 -2.53734e-10 -2.46461e-14 -4.4437e-09 -6.70767e-08 -3.36989e-10 -5.00964e-10 
354 -4.44464e-10 -2.71972e-08 -3.13441e-11 -6.35406e-11 -2.53734e-10 -2.46461e-14 -4.4437e-09 -6.7081e-08 -3.36989e-10 -5.00976e-10 
355 -4.4446e-10 -2.71972e-08 -3.13438e-11 -6.35413e-11 -2.53734e-10 -2.46461e-14 -4.44369e-09 -6.70854e-08 -3.36989e-10 -5.00989e-10 
356 -4.44455e-10 -2.71973e-08 -3.13434e-11 -6.35419e-11 -2.53734e-10 -2.46461e-14 -4.44369e-09 -6.70898e-08 -3.36989e-10 -5.01001e-10 
357 -4.44451e-10 -2.71973e-08 -3.13431e-11 -6.35424e-11 -2.53734e-10 -2.46461e-14 -4.44369e-09 -6.70943e-08 -3.36989e-10 -5.01013e-10 
358 -4.44447e-10 -2.71973e-08 -3.13428e-11 -6.35429e-11 -2.53734e-10 -2.46461e-14 -4.44368e-09 -6.70989e-08 -3.36989e-10 -5.01025e-10 
359 -4.44443e-10 -2.71973e-08 -3.13424e-11 -6.35432e-11 -2.53735e-10 -2.46461e-14 -4.44368e-09 -6.71036e-08 -3.36988e-10 -5.01038e-10 
360 -4.44439e-10 -2.71973e-08 -3.13421e-11 -6.35434e-11 -2.53735e-10 -2.46461e-14 -4.44368e-09 -6.71083e-08 -3.36988e-10 -5.0105e-10 
361 -4.44435e-10 -2.71973e-08 -3.13417e-11 -6.35434e-11 -2.53735e-10 -2.46461e-14 -4.44367e-09 -6.71131e-08 -3.36988e-10 -5.01062e-10 
362 -4.44431e-10 -2.71973e-08 -3.13414e-11 -6.35433e-11 -2.53735e-10 -2.46461e-14 -4.44367e-09 -6.7118e-08 -3.36988e-10 -5.01074e-10 
363 -4.44428e-10 -2.71973e-08 -3.13411e-11 -6.35431e-11 -2.53735e-10 -2.46461e-14 -4.44367e-09 -6.7123e-08 -3.36988e-10 -5.01085e-10 
364 -4.44424e-10 -2.71973e-08 -3.13407e-11 -6.35427e-11 -2.53735e-10 -2.46461e-14 -4.44366e-09 -6.7128e-08 -3.36988e-10 -5.01097e-10 
