0 -3.32135e-08
1 -3.32137e-08
2 -3.32137e-08
3 -3.32137e-08
4 -3.32137e-08
5 -3.32137e-08
6 -3.32137e-08
7 -3.32137e-08
8 -3.32137e-08
9 -3.32137e-08
10 -3.32137e-08
11 -3.32137e-08
12 -3.32137e-08
13 -3.32137e-08
14 -3.32137e-08
15 -3.32137e-08
16 -3.32137e-08
17 -3.32137e-08
18 -3.32137e-08
19 -3.32137e-08
20 -3.32137e-08
21 -3.32137e-08
22 -3.32137e-08
23 -3.32137e-08
24 -3.32137e-08
25 -3.32137e-08
26 -3.32137e-08
27 -3.32137e-08
28 -3.32137e-08
29 -3.32137e-08
30 -3.32137e-08
31 -3.32137e-08
32 -3.32137e-08
33 -3.32137e-08
34 -3.32137e-08
35 -3.32137e-08
36 -3.32137e-08
37 -3.32137e-08
38 -3.32137e-08
39 -3.32137e-08
40 -3.32137e-08
41 -3.32137e-08
42 -3.32137e-08
43 -3.32137e-08
44 -3.32137e-08
45 -3.32137e-08
46 -3.32137e-08
47 -3.32137e-08
48 -3.32137e-08
49 -3.32137e-08
50 -3.32137e-08
51 -3.32137e-08
52 -3.32137e-08
53 -3.32137e-08
54 -3.32137e-08
55 -3.32137e-08
56 -3.32137e-08
57 -3.32137e-08
58 -3.32137e-08
59 -3.32137e-08
60 -3.32137e-08
61 -3.32137e-08
62 -3.32137e-08
63 -3.32137e-08
64 -3.32137e-08
65 -3.32137e-08
66 -3.32137e-08
67 -3.32137e-08
68 -3.32137e-08
69 -3.32137e-08
70 -3.32137e-08
71 -3.32137e-08
72 -3.32137e-08
73 -3.32137e-08
74 -3.32137e-08
75 -3.32137e-08
76 -3.32137e-08
77 -3.32137e-08
78 -3.32137e-08
79 -3.32137e-08
80 -3.32137e-08
81 -3.32137e-08
82 -3.32137e-08
83 -3.32137e-08
84 -3.32137e-08
85 -3.32137e-08
86 -3.32137e-08
87 -3.32137e-08
88 -3.32137e-08
89 -3.32137e-08
90 -3.32137e-08
91 -3.32137e-08
92 -3.32137e-08
93 -3.32137e-08
94 -3.32137e-08
95 -3.32137e-08
96 -3.32137e-08
97 -3.32137e-08
98 -3.32137e-08
99 -3.32137e-08
100 -3.32137e-08
101 -3.32137e-08
102 -3.32137e-08
103 -3.32137e-08
104 -3.32137e-08
105 -3.32137e-08
106 -3.32137e-08
107 -3.32137e-08
108 -3.32137e-08
109 -3.32137e-08
110 -3.32137e-08
111 -3.32137e-08
112 -3.32137e-08
113 -3.32137e-08
114 -3.32137e-08
115 -3.32137e-08
116 -3.32137e-08
117 -3.32137e-08
118 -3.32137e-08
119 -3.32137e-08
120 -3.32137e-08
121 -3.32137e-08
122 -3.32137e-08
123 -3.32137e-08
124 -3.32137e-08
125 -3.32137e-08
126 -3.32137e-08
127 -3.32137e-08
128 -3.32137e-08
129 -3.32137e-08
130 -3.32137e-08
131 -3.32137e-08
132 -3.32137e-08
133 -3.32137e-08
134 -3.32137e-08
135 -3.32137e-08
136 -3.32137e-08
137 -3.32137e-08
138 -3.32137e-08
139 -3.32137e-08
140 -3.32137e-08
141 -3.32137e-08
142 -3.32137e-08
143 -3.32137e-08
144 -3.32137e-08
145 -3.32137e-08
146 -3.32137e-08
147 -3.32137e-08
148 -3.32137e-08
149 -3.32137e-08
150 -3.32137e-08
151 -3.32137e-08
152 -3.32137e-08
153 -3.32137e-08
154 -3.32137e-08
155 -3.32137e-08
156 -3.32137e-08
157 -3.32137e-08
158 -3.32137e-08
159 -3.32137e-08
160 -3.32137e-08
161 -3.32137e-08
162 -3.32137e-08
163 -3.32137e-08
164 -3.32137e-08
165 -3.32137e-08
166 -3.32137e-08
167 -3.32137e-08
168 -3.32137e-08
169 -3.32137e-08
170 -3.32137e-08
171 -3.32137e-08
172 -3.32137e-08
173 -3.32137e-08
174 -3.32137e-08
175 -3.32137e-08
176 -3.32137e-08
177 -3.32137e-08
178 -3.32137e-08
179 -3.32137e-08
180 -3.32137e-08
181 -3.32137e-08
182 -3.32137e-08
183 -3.32137e-08
184 -3.32137e-08
185 -3.32137e-08
186 -3.32137e-08
187 -3.32137e-08
188 -3.32137e-08
189 -3.32137e-08
190 -3.32137e-08
191 -3.32137e-08
192 -3.32137e-08
193 -3.32137e-08
194 -3.32137e-08
195 -3.32137e-08
196 -3.32137e-08
197 -3.32137e-08
198 -3.32137e-08
199 -3.32137e-08
200 -3.32137e-08
201 -3.32137e-08
202 -3.32137e-08
203 -3.32137e-08
204 -3.32137e-08
205 -3.32137e-08
206 -3.32137e-08
207 -3.32137e-08
208 -3.32137e-08
209 -3.32137e-08
210 -3.32137e-08
211 -3.32137e-08
212 -3.32137e-08
213 -3.32137e-08
214 -3.32137e-08
215 -3.32137e-08
216 -3.32137e-08
217 -3.32137e-08
218 -3.32137e-08
219 -3.32137e-08
220 -3.32137e-08
221 -3.32137e-08
222 -3.32137e-08
223 -3.32137e-08
224 -3.32137e-08
225 -3.32137e-08
226 -3.32137e-08
227 -3.32137e-08
228 -3.32137e-08
229 -3.32137e-08
230 -3.32137e-08
231 -3.32137e-08
232 -3.32137e-08
233 -3.32137e-08
234 -3.32137e-08
235 -3.32137e-08
236 -3.32137e-08
237 -3.32137e-08
238 -3.32137e-08
239 -3.32137e-08
240 -3.32137e-08
241 -3.32137e-08
242 -3.32137e-08
243 -3.32137e-08
244 -3.32137e-08
245 -3.32137e-08
246 -3.32137e-08
247 -3.32137e-08
248 -3.32137e-08
249 -3.32137e-08
250 -3.32137e-08
251 -3.32137e-08
252 -3.32137e-08
253 -3.32137e-08
254 -3.32137e-08
255 -3.32137e-08
256 -3.32137e-08
257 -3.32137e-08
258 -3.32137e-08
259 -3.32137e-08
260 -3.32137e-08
261 -3.32137e-08
262 -3.32137e-08
263 -3.32137e-08
264 -3.32137e-08
265 -3.32137e-08
266 -3.32137e-08
267 -3.32137e-08
268 -3.32137e-08
269 -3.32137e-08
270 -3.32137e-08
271 -3.32137e-08
272 -3.32137e-08
273 -3.32137e-08
274 -3.32137e-08
275 -3.32137e-08
276 -3.32137e-08
277 -3.32137e-08
278 -3.32137e-08
279 -3.32137e-08
280 -3.32137e-08
281 -3.32137e-08
282 -3.32137e-08
283 -3.32137e-08
284 -3.32137e-08
285 -3.32137e-08
286 -3.32137e-08
287 -3.32137e-08
288 -3.32137e-08
289 -3.32137e-08
290 -3.32137e-08
291 -3.32137e-08
292 -3.32137e-08
293 -3.32137e-08
294 -3.32137e-08
295 -3.32137e-08
296 -3.32137e-08
297 -3.32137e-08
298 -3.32137e-08
299 -3.32137e-08
300 -3.32137e-08
301 -3.32137e-08
302 -3.32137e-08
303 -3.32137e-08
304 -3.32137e-08
305 -3.32137e-08
306 -3.32137e-08
307 -3.32137e-08
308 -3.32137e-08
309 -3.32137e-08
310 -3.32137e-08
311 -3.32137e-08
312 -3.32137e-08
313 -3.32137e-08
314 -3.32137e-08
315 -3.32137e-08
316 -3.32137e-08
317 -3.32137e-08
318 -3.32137e-08
319 -3.32137e-08
320 -3.32137e-08
321 -3.32137e-08
322 -3.32137e-08
323 -3.32137e-08
324 -3.32137e-08
325 -3.32137e-08
326 -3.32137e-08
327 -3.32137e-08
328 -3.32137e-08
329 -3.32137e-08
330 -3.32137e-08
331 -3.32137e-08
332 -3.32137e-08
333 -3.32137e-08
334 -3.32137e-08
335 -3.32137e-08
336 -3.32137e-08
337 -3.32137e-08
338 -3.32137e-08
339 -3.32137e-08
340 -3.32137e-08
341 -3.32137e-08
342 -3.32137e-08
343 -3.32137e-08
344 -3.32137e-08
345 -3.32137e-08
346 -3.32137e-08
347 -3.32137e-08
348 -3.32137e-08
349 -3.32137e-08
350 -3.32137e-08
351 -3.32137e-08
352 -3.32137e-08
353 -3.32137e-08
354 -3.32137e-08
355 -3.32137e-08
356 -3.32137e-08
357 -3.32137e-08
358 -3.32137e-08
359 -3.32137e-08
360 -3.32137e-08
361 -3.32137e-08
362 -3.32137e-08
363 -3.32137e-08
364 -3.32137e-08
